 --válasszon-- 
01
011
0110
02
021
0210
031
0310
1
2
3
4
5
6
7
8
9
11
12
13
14
21
22
23
24
25
26
27
29
31
32
33
34
35
36
37
39
41
42
51
52
61
62
71
72
73
74
75
79
81
82
83
84
91
92
93
111
112
113
121
131
132
133
141
211
212
213
214
215
216
221
222
223
224
231
241
242
243
244
249
251
252
253
261
262
271
272
273
291
311
312
313
314
315
316
317
319
321
322
331
332
333
334
341
351
352
361
362
363
364
365
371
372
373
391
411
412
413
419
421
422
511
512
513
521
522
523
524
525
529
611
612
613
621
622
623
711
721
722
723
731
732
733
734
741
742
751
752
753
791
811
812
813
814
815
819
821
831
832
841
842
843
911
921
922
923
931
932
933
1110
1121
1122
1123
1131
1132
1210
1311
1312
1313
1321
1322
1323
1324
1325
1326
1327
1328
1329
1331
1332
1333
1334
1335
1336
1339
1411
1412
1413
1414
1415
1416
1419
2111
2112
2113
2114
2115
2116
2117
2118
2121
2122
2123
2131
2132
2133
2134
2135
2136
2137
2139
2141
2142
2143
2144
2149
2151
2152
2153
2159
2161
2162
2163
2164
2165
2166
2167
2168
2169
2211
2212
2213
2214
2221
2222
2223
2224
2225
2226
2227
2228
2229
2231
2232
2241
2242
2311
2312
2410
2421
2422
2431
2432
2441
2442
2491
2492
2493
2494
2495
2499
2511
2512
2513
2514
2521
2522
2523
2524
2531
2532
2533
2534
2611
2612
2613
2614
2615
2619
2621
2622
2623
2624
2625
2626
2627
2628
2629
2711
2712
2713
2714
2715
2716
2717
2719
2721
2722
2723
2724
2725
2726
2727
2728
2729
2730
2910
3111
3112
3113
3114
3115
3116
3117
3121
3122
3131
3132
3133
3134
3135
3136
3139
3141
3142
3143
3144
3145
3146
3151
3152
3153
3154
3155
3159
3161
3162
3163
3171
3172
3173
3174
3190
3211
3212
3213
3221
3222
3311
3312
3321
3322
3323
3324
3325
3326
3327
3331
3332
3333
3334
3335
3339
3341
3342
3410
3511
3512
3513
3514
3515
3520
3611
3612
3613
3614
3615
3616
3621
3622
3623
3624
3631
3632
3633
3639
3641
3642
3649
3651
3652
3653
3654
3655
3656
3659
3711
3712
3713
3714
3715
3716
3717
3719
3721
3722
3730
3910
4111
4112
4113
4114
4121
4122
4123
4129
4131
4132
4133
4134
4135
4136
4190
4211
4212
4213
4221
4222
4223
4224
4225
4226
4227
4229
5111
5112
5113
5114
5115
5116
5117
5121
5122
5123
5129
5131
5132
5133
5134
5135
5211
5212
5213
5219
5221
5222
5223
5229
5231
5232
5233
5241
5242
5243
5251
5252
5253
5254
5255
5256
5259
5291
5292
5293
5299
6111
6112
6113
6114
6115
6116
6119
6121
6122
6123
6124
6130
6211
6212
6220
6230
7111
7112
7113
7114
7115
7211
7212
7213
7214
7215
7216
7217
7221
7222
7223
7224
7225
7231
7232
7233
7310
7321
7322
7323
7324
7325
7326
7327
7328
7331
7332
7333
7334
7335
7341
7342
7343
7411
7412
7413
7414
7415
7416
7417
7418
7419
7420
7511
7512
7513
7514
7515
7519
7521
7522
7523
7524
7529
7531
7532
7533
7534
7535
7536
7537
7538
7539
7911
7912
7913
7914
7915
7919
8111
8112
8121
8122
8123
8124
8125
8126
8131
8132
8133
8134
8135
8136
8137
8141
8142
8143
8144
8151
8152
8190
8211
8212
8219
8311
8312
8321
8322
8323
8324
8325
8326
8327
8329
8411
8412
8413
8414
8415
8416
8417
8418
8419
8421
8422
8423
8424
8425
8430
9111
9112
9113
9114
9115
9119
9211
9212
9221
9222
9223
9224
9225
9231
9232
9233
9234
9235
9236
9237
9238
9239
9310
9321
9329
9331
9332